6.10352e-05 0.00012207 0.000183105 0.000244141 0.000305176 0.000366211 0.000427246 0.000488281 0.000549316 0.000610352 0.000671387 0.000732422 0.000793457 0.000854492 0.000915527 0.000976562 0.0010376 0.00109863 0.00115967 0.0012207 0.00128174 0.00134277 0.00140381 0.00146484 0.00152588 0.00158691 0.00164795 0.00170898 0.00177002 0.00183105 0.00189209 0.00195312 0.00201416 0.0020752 0.00213623 0.00219727 0.0022583 0.00231934 0.00238037 0.00244141 0.00250244 0.00256348 0.00262451 0.00268555 0.00274658 0.00280762 0.00286865 0.00292969 0.00299072 0.00305176 0.00311279 0.00317383 0.00323486 0.0032959 0.00335693 0.00341797 0.003479 0.00354004 0.00360107 0.00366211 0.00372314 0.00378418 0.00384521 0.00390625 
0.00012207 0.000244141 0.000366211 0.000488281 0.000610352 0.000732422 0.000854492 0.000976562 0.00109863 0.0012207 0.00134277 0.00146484 0.00158691 0.00170898 0.00183105 0.00195312 0.0020752 0.00219727 0.00231934 0.00244141 0.00256348 0.00268555 0.00280762 0.00292969 0.00305176 0.00317383 0.0032959 0.00341797 0.00354004 0.00366211 0.00378418 0.00390625 0.00402832 0.00415039 0.00427246 0.00439453 0.0045166 0.00463867 0.00476074 0.00488281 0.00500488 0.00512695 0.00524902 0.00537109 0.00549316 0.00561523 0.0057373 0.00585938 0.00598145 0.00610352 0.00622559 0.00634766 0.00646973 0.0065918 0.00671387 0.00683594 0.00695801 0.00708008 0.00720215 0.00732422 0.00744629 0.00756836 0.00769043 0.0078125 
0.000183105 0.000366211 0.000549316 0.000732422 0.000915527 0.00109863 0.00128174 0.00146484 0.00164795 0.00183105 0.00201416 0.00219727 0.00238037 0.00256348 0.00274658 0.00292969 0.00311279 0.0032959 0.003479 0.00366211 0.00384521 0.00402832 0.00421143 0.00439453 0.00457764 0.00476074 0.00494385 0.00512695 0.00531006 0.00549316 0.00567627 0.00585938 0.00604248 0.00622559 0.00640869 0.0065918 0.0067749 0.00695801 0.00714111 0.00732422 0.00750732 0.00769043 0.00787354 0.00805664 0.00823975 0.00842285 0.00860596 0.00878906 0.00897217 0.00915527 0.00933838 0.00952148 0.00970459 0.0098877 0.0100708 0.0102539 0.010437 0.0106201 0.0108032 0.0109863 0.0111694 0.0113525 0.0115356 0.0117188 
0.000244141 0.000488281 0.000732422 0.000976562 0.0012207 0.00146484 0.00170898 0.00195312 0.00219727 0.00244141 0.00268555 0.00292969 0.00317383 0.00341797 0.00366211 0.00390625 0.00415039 0.00439453 0.00463867 0.00488281 0.00512695 0.00537109 0.00561523 0.00585938 0.00610352 0.00634766 0.0065918 0.00683594 0.00708008 0.00732422 0.00756836 0.0078125 0.00805664 0.00830078 0.00854492 0.00878906 0.0090332 0.00927734 0.00952148 0.00976562 0.0100098 0.0102539 0.010498 0.0107422 0.0109863 0.0112305 0.0114746 0.0117188 0.0119629 0.012207 0.0124512 0.0126953 0.0129395 0.0131836 0.0134277 0.0136719 0.013916 0.0141602 0.0144043 0.0146484 0.0148926 0.0151367 0.0153809 0.015625 
0.000305176 0.000610352 0.000915527 0.0012207 0.00152588 0.00183105 0.00213623 0.00244141 0.00274658 0.00305176 0.00335693 0.00366211 0.00396729 0.00427246 0.00457764 0.00488281 0.00518799 0.00549316 0.00579834 0.00610352 0.00640869 0.00671387 0.00701904 0.00732422 0.00762939 0.00793457 0.00823975 0.00854492 0.0088501 0.00915527 0.00946045 0.00976562 0.0100708 0.010376 0.0106812 0.0109863 0.0112915 0.0115967 0.0119019 0.012207 0.0125122 0.0128174 0.0131226 0.0134277 0.0137329 0.0140381 0.0143433 0.0146484 0.0149536 0.0152588 0.015564 0.0158691 0.0161743 0.0164795 0.0167847 0.0170898 0.017395 0.0177002 0.0180054 0.0183105 0.0186157 0.0189209 0.0192261 0.0195312 
0.000366211 0.000732422 0.00109863 0.00146484 0.00183105 0.00219727 0.00256348 0.00292969 0.0032959 0.00366211 0.00402832 0.00439453 0.00476074 0.00512695 0.00549316 0.00585938 0.00622559 0.0065918 0.00695801 0.00732422 0.00769043 0.00805664 0.00842285 0.00878906 0.00915527 0.00952148 0.0098877 0.0102539 0.0106201 0.0109863 0.0113525 0.0117188 0.012085 0.0124512 0.0128174 0.0131836 0.0135498 0.013916 0.0142822 0.0146484 0.0150146 0.0153809 0.0157471 0.0161133 0.0164795 0.0168457 0.0172119 0.0175781 0.0179443 0.0183105 0.0186768 0.019043 0.0194092 0.0197754 0.0201416 0.0205078 0.020874 0.0212402 0.0216064 0.0219727 0.0223389 0.0227051 0.0230713 0.0234375 
0.000427246 0.000854492 0.00128174 0.00170898 0.00213623 0.00256348 0.00299072 0.00341797 0.00384521 0.00427246 0.00469971 0.00512695 0.0055542 0.00598145 0.00640869 0.00683594 0.00726318 0.00769043 0.00811768 0.00854492 0.00897217 0.00939941 0.00982666 0.0102539 0.0106812 0.0111084 0.0115356 0.0119629 0.0123901 0.0128174 0.0132446 0.0136719 0.0140991 0.0145264 0.0149536 0.0153809 0.0158081 0.0162354 0.0166626 0.0170898 0.0175171 0.0179443 0.0183716 0.0187988 0.0192261 0.0196533 0.0200806 0.0205078 0.0209351 0.0213623 0.0217896 0.0222168 0.022644 0.0230713 0.0234985 0.0239258 0.024353 0.0247803 0.0252075 0.0256348 0.026062 0.0264893 0.0269165 0.0273438 
0.000488281 0.000976562 0.00146484 0.00195312 0.00244141 0.00292969 0.00341797 0.00390625 0.00439453 0.00488281 0.00537109 0.00585938 0.00634766 0.00683594 0.00732422 0.0078125 0.00830078 0.00878906 0.00927734 0.00976562 0.0102539 0.0107422 0.0112305 0.0117188 0.012207 0.0126953 0.0131836 0.0136719 0.0141602 0.0146484 0.0151367 0.015625 0.0161133 0.0166016 0.0170898 0.0175781 0.0180664 0.0185547 0.019043 0.0195312 0.0200195 0.0205078 0.0209961 0.0214844 0.0219727 0.0224609 0.0229492 0.0234375 0.0239258 0.0244141 0.0249023 0.0253906 0.0258789 0.0263672 0.0268555 0.0273438 0.027832 0.0283203 0.0288086 0.0292969 0.0297852 0.0302734 0.0307617 0.03125 
0.000549316 0.00109863 0.00164795 0.00219727 0.00274658 0.0032959 0.00384521 0.00439453 0.00494385 0.00549316 0.00604248 0.0065918 0.00714111 0.00769043 0.00823975 0.00878906 0.00933838 0.0098877 0.010437 0.0109863 0.0115356 0.012085 0.0126343 0.0131836 0.0137329 0.0142822 0.0148315 0.0153809 0.0159302 0.0164795 0.0170288 0.0175781 0.0181274 0.0186768 0.0192261 0.0197754 0.0203247 0.020874 0.0214233 0.0219727 0.022522 0.0230713 0.0236206 0.0241699 0.0247192 0.0252686 0.0258179 0.0263672 0.0269165 0.0274658 0.0280151 0.0285645 0.0291138 0.0296631 0.0302124 0.0307617 0.031311 0.0318604 0.0324097 0.032959 0.0335083 0.0340576 0.0346069 0.0351562 
0.000610352 0.0012207 0.00183105 0.00244141 0.00305176 0.00366211 0.00427246 0.00488281 0.00549316 0.00610352 0.00671387 0.00732422 0.00793457 0.00854492 0.00915527 0.00976562 0.010376 0.0109863 0.0115967 0.012207 0.0128174 0.0134277 0.0140381 0.0146484 0.0152588 0.0158691 0.0164795 0.0170898 0.0177002 0.0183105 0.0189209 0.0195312 0.0201416 0.020752 0.0213623 0.0219727 0.022583 0.0231934 0.0238037 0.0244141 0.0250244 0.0256348 0.0262451 0.0268555 0.0274658 0.0280762 0.0286865 0.0292969 0.0299072 0.0305176 0.0311279 0.0317383 0.0323486 0.032959 0.0335693 0.0341797 0.03479 0.0354004 0.0360107 0.0366211 0.0372314 0.0378418 0.0384521 0.0390625 
0.000671387 0.00134277 0.00201416 0.00268555 0.00335693 0.00402832 0.00469971 0.00537109 0.00604248 0.00671387 0.00738525 0.00805664 0.00872803 0.00939941 0.0100708 0.0107422 0.0114136 0.012085 0.0127563 0.0134277 0.0140991 0.0147705 0.0154419 0.0161133 0.0167847 0.0174561 0.0181274 0.0187988 0.0194702 0.0201416 0.020813 0.0214844 0.0221558 0.0228271 0.0234985 0.0241699 0.0248413 0.0255127 0.0261841 0.0268555 0.0275269 0.0281982 0.0288696 0.029541 0.0302124 0.0308838 0.0315552 0.0322266 0.0328979 0.0335693 0.0342407 0.0349121 0.0355835 0.0362549 0.0369263 0.0375977 0.038269 0.0389404 0.0396118 0.0402832 0.0409546 0.041626 0.0422974 0.0429688 
0.000732422 0.00146484 0.00219727 0.00292969 0.00366211 0.00439453 0.00512695 0.00585938 0.0065918 0.00732422 0.00805664 0.00878906 0.00952148 0.0102539 0.0109863 0.0117188 0.0124512 0.0131836 0.013916 0.0146484 0.0153809 0.0161133 0.0168457 0.0175781 0.0183105 0.019043 0.0197754 0.0205078 0.0212402 0.0219727 0.0227051 0.0234375 0.0241699 0.0249023 0.0256348 0.0263672 0.0270996 0.027832 0.0285645 0.0292969 0.0300293 0.0307617 0.0314941 0.0322266 0.032959 0.0336914 0.0344238 0.0351562 0.0358887 0.0366211 0.0373535 0.0380859 0.0388184 0.0395508 0.0402832 0.0410156 0.041748 0.0424805 0.0432129 0.0439453 0.0446777 0.0454102 0.0461426 0.046875 
0.000793457 0.00158691 0.00238037 0.00317383 0.00396729 0.00476074 0.0055542 0.00634766 0.00714111 0.00793457 0.00872803 0.00952148 0.0103149 0.0111084 0.0119019 0.0126953 0.0134888 0.0142822 0.0150757 0.0158691 0.0166626 0.0174561 0.0182495 0.019043 0.0198364 0.0206299 0.0214233 0.0222168 0.0230103 0.0238037 0.0245972 0.0253906 0.0261841 0.0269775 0.027771 0.0285645 0.0293579 0.0301514 0.0309448 0.0317383 0.0325317 0.0333252 0.0341187 0.0349121 0.0357056 0.036499 0.0372925 0.0380859 0.0388794 0.0396729 0.0404663 0.0412598 0.0420532 0.0428467 0.0436401 0.0444336 0.0452271 0.0460205 0.046814 0.0476074 0.0484009 0.0491943 0.0499878 0.0507812 
0.000854492 0.00170898 0.00256348 0.00341797 0.00427246 0.00512695 0.00598145 0.00683594 0.00769043 0.00854492 0.00939941 0.0102539 0.0111084 0.0119629 0.0128174 0.0136719 0.0145264 0.0153809 0.0162354 0.0170898 0.0179443 0.0187988 0.0196533 0.0205078 0.0213623 0.0222168 0.0230713 0.0239258 0.0247803 0.0256348 0.0264893 0.0273438 0.0281982 0.0290527 0.0299072 0.0307617 0.0316162 0.0324707 0.0333252 0.0341797 0.0350342 0.0358887 0.0367432 0.0375977 0.0384521 0.0393066 0.0401611 0.0410156 0.0418701 0.0427246 0.0435791 0.0444336 0.0452881 0.0461426 0.0469971 0.0478516 0.0487061 0.0495605 0.050415 0.0512695 0.052124 0.0529785 0.053833 0.0546875 
0.000915527 0.00183105 0.00274658 0.00366211 0.00457764 0.00549316 0.00640869 0.00732422 0.00823975 0.00915527 0.0100708 0.0109863 0.0119019 0.0128174 0.0137329 0.0146484 0.015564 0.0164795 0.017395 0.0183105 0.0192261 0.0201416 0.0210571 0.0219727 0.0228882 0.0238037 0.0247192 0.0256348 0.0265503 0.0274658 0.0283813 0.0292969 0.0302124 0.0311279 0.0320435 0.032959 0.0338745 0.03479 0.0357056 0.0366211 0.0375366 0.0384521 0.0393677 0.0402832 0.0411987 0.0421143 0.0430298 0.0439453 0.0448608 0.0457764 0.0466919 0.0476074 0.0485229 0.0494385 0.050354 0.0512695 0.0521851 0.0531006 0.0540161 0.0549316 0.0558472 0.0567627 0.0576782 0.0585938 
0.000976562 0.00195312 0.00292969 0.00390625 0.00488281 0.00585938 0.00683594 0.0078125 0.00878906 0.00976562 0.0107422 0.0117188 0.0126953 0.0136719 0.0146484 0.015625 0.0166016 0.0175781 0.0185547 0.0195312 0.0205078 0.0214844 0.0224609 0.0234375 0.0244141 0.0253906 0.0263672 0.0273438 0.0283203 0.0292969 0.0302734 0.03125 0.0322266 0.0332031 0.0341797 0.0351562 0.0361328 0.0371094 0.0380859 0.0390625 0.0400391 0.0410156 0.0419922 0.0429688 0.0439453 0.0449219 0.0458984 0.046875 0.0478516 0.0488281 0.0498047 0.0507812 0.0517578 0.0527344 0.0537109 0.0546875 0.0556641 0.0566406 0.0576172 0.0585938 0.0595703 0.0605469 0.0615234 0.0625 
0.0010376 0.0020752 0.00311279 0.00415039 0.00518799 0.00622559 0.00726318 0.00830078 0.00933838 0.010376 0.0114136 0.0124512 0.0134888 0.0145264 0.015564 0.0166016 0.0176392 0.0186768 0.0197144 0.020752 0.0217896 0.0228271 0.0238647 0.0249023 0.0259399 0.0269775 0.0280151 0.0290527 0.0300903 0.0311279 0.0321655 0.0332031 0.0342407 0.0352783 0.0363159 0.0373535 0.0383911 0.0394287 0.0404663 0.0415039 0.0425415 0.0435791 0.0446167 0.0456543 0.0466919 0.0477295 0.0487671 0.0498047 0.0508423 0.0518799 0.0529175 0.0539551 0.0549927 0.0560303 0.0570679 0.0581055 0.0591431 0.0601807 0.0612183 0.0622559 0.0632935 0.0643311 0.0653687 0.0664062 
0.00109863 0.00219727 0.0032959 0.00439453 0.00549316 0.0065918 0.00769043 0.00878906 0.0098877 0.0109863 0.012085 0.0131836 0.0142822 0.0153809 0.0164795 0.0175781 0.0186768 0.0197754 0.020874 0.0219727 0.0230713 0.0241699 0.0252686 0.0263672 0.0274658 0.0285645 0.0296631 0.0307617 0.0318604 0.032959 0.0340576 0.0351562 0.0362549 0.0373535 0.0384521 0.0395508 0.0406494 0.041748 0.0428467 0.0439453 0.0450439 0.0461426 0.0472412 0.0483398 0.0494385 0.0505371 0.0516357 0.0527344 0.053833 0.0549316 0.0560303 0.0571289 0.0582275 0.0593262 0.0604248 0.0615234 0.0626221 0.0637207 0.0648193 0.065918 0.0670166 0.0681152 0.0692139 0.0703125 
0.00115967 0.00231934 0.003479 0.00463867 0.00579834 0.00695801 0.00811768 0.00927734 0.010437 0.0115967 0.0127563 0.013916 0.0150757 0.0162354 0.017395 0.0185547 0.0197144 0.020874 0.0220337 0.0231934 0.024353 0.0255127 0.0266724 0.027832 0.0289917 0.0301514 0.031311 0.0324707 0.0336304 0.03479 0.0359497 0.0371094 0.038269 0.0394287 0.0405884 0.041748 0.0429077 0.0440674 0.0452271 0.0463867 0.0475464 0.0487061 0.0498657 0.0510254 0.0521851 0.0533447 0.0545044 0.0556641 0.0568237 0.0579834 0.0591431 0.0603027 0.0614624 0.0626221 0.0637817 0.0649414 0.0661011 0.0672607 0.0684204 0.0695801 0.0707397 0.0718994 0.0730591 0.0742188 
0.0012207 0.00244141 0.00366211 0.00488281 0.00610352 0.00732422 0.00854492 0.00976562 0.0109863 0.012207 0.0134277 0.0146484 0.0158691 0.0170898 0.0183105 0.0195312 0.020752 0.0219727 0.0231934 0.0244141 0.0256348 0.0268555 0.0280762 0.0292969 0.0305176 0.0317383 0.032959 0.0341797 0.0354004 0.0366211 0.0378418 0.0390625 0.0402832 0.0415039 0.0427246 0.0439453 0.045166 0.0463867 0.0476074 0.0488281 0.0500488 0.0512695 0.0524902 0.0537109 0.0549316 0.0561523 0.057373 0.0585938 0.0598145 0.0610352 0.0622559 0.0634766 0.0646973 0.065918 0.0671387 0.0683594 0.0695801 0.0708008 0.0720215 0.0732422 0.0744629 0.0756836 0.0769043 0.078125 
0.00128174 0.00256348 0.00384521 0.00512695 0.00640869 0.00769043 0.00897217 0.0102539 0.0115356 0.0128174 0.0140991 0.0153809 0.0166626 0.0179443 0.0192261 0.0205078 0.0217896 0.0230713 0.024353 0.0256348 0.0269165 0.0281982 0.02948 0.0307617 0.0320435 0.0333252 0.0346069 0.0358887 0.0371704 0.0384521 0.0397339 0.0410156 0.0422974 0.0435791 0.0448608 0.0461426 0.0474243 0.0487061 0.0499878 0.0512695 0.0525513 0.053833 0.0551147 0.0563965 0.0576782 0.05896 0.0602417 0.0615234 0.0628052 0.0640869 0.0653687 0.0666504 0.0679321 0.0692139 0.0704956 0.0717773 0.0730591 0.0743408 0.0756226 0.0769043 0.078186 0.0794678 0.0807495 0.0820312 
0.00134277 0.00268555 0.00402832 0.00537109 0.00671387 0.00805664 0.00939941 0.0107422 0.012085 0.0134277 0.0147705 0.0161133 0.0174561 0.0187988 0.0201416 0.0214844 0.0228271 0.0241699 0.0255127 0.0268555 0.0281982 0.029541 0.0308838 0.0322266 0.0335693 0.0349121 0.0362549 0.0375977 0.0389404 0.0402832 0.041626 0.0429688 0.0443115 0.0456543 0.0469971 0.0483398 0.0496826 0.0510254 0.0523682 0.0537109 0.0550537 0.0563965 0.0577393 0.059082 0.0604248 0.0617676 0.0631104 0.0644531 0.0657959 0.0671387 0.0684814 0.0698242 0.071167 0.0725098 0.0738525 0.0751953 0.0765381 0.0778809 0.0792236 0.0805664 0.0819092 0.083252 0.0845947 0.0859375 
0.00140381 0.00280762 0.00421143 0.00561523 0.00701904 0.00842285 0.00982666 0.0112305 0.0126343 0.0140381 0.0154419 0.0168457 0.0182495 0.0196533 0.0210571 0.0224609 0.0238647 0.0252686 0.0266724 0.0280762 0.02948 0.0308838 0.0322876 0.0336914 0.0350952 0.036499 0.0379028 0.0393066 0.0407104 0.0421143 0.0435181 0.0449219 0.0463257 0.0477295 0.0491333 0.0505371 0.0519409 0.0533447 0.0547485 0.0561523 0.0575562 0.05896 0.0603638 0.0617676 0.0631714 0.0645752 0.065979 0.0673828 0.0687866 0.0701904 0.0715942 0.072998 0.0744019 0.0758057 0.0772095 0.0786133 0.0800171 0.0814209 0.0828247 0.0842285 0.0856323 0.0870361 0.0884399 0.0898438 
0.00146484 0.00292969 0.00439453 0.00585938 0.00732422 0.00878906 0.0102539 0.0117188 0.0131836 0.0146484 0.0161133 0.0175781 0.019043 0.0205078 0.0219727 0.0234375 0.0249023 0.0263672 0.027832 0.0292969 0.0307617 0.0322266 0.0336914 0.0351562 0.0366211 0.0380859 0.0395508 0.0410156 0.0424805 0.0439453 0.0454102 0.046875 0.0483398 0.0498047 0.0512695 0.0527344 0.0541992 0.0556641 0.0571289 0.0585938 0.0600586 0.0615234 0.0629883 0.0644531 0.065918 0.0673828 0.0688477 0.0703125 0.0717773 0.0732422 0.074707 0.0761719 0.0776367 0.0791016 0.0805664 0.0820312 0.0834961 0.0849609 0.0864258 0.0878906 0.0893555 0.0908203 0.0922852 0.09375 
0.00152588 0.00305176 0.00457764 0.00610352 0.00762939 0.00915527 0.0106812 0.012207 0.0137329 0.0152588 0.0167847 0.0183105 0.0198364 0.0213623 0.0228882 0.0244141 0.0259399 0.0274658 0.0289917 0.0305176 0.0320435 0.0335693 0.0350952 0.0366211 0.038147 0.0396729 0.0411987 0.0427246 0.0442505 0.0457764 0.0473022 0.0488281 0.050354 0.0518799 0.0534058 0.0549316 0.0564575 0.0579834 0.0595093 0.0610352 0.062561 0.0640869 0.0656128 0.0671387 0.0686646 0.0701904 0.0717163 0.0732422 0.0747681 0.0762939 0.0778198 0.0793457 0.0808716 0.0823975 0.0839233 0.0854492 0.0869751 0.088501 0.0900269 0.0915527 0.0930786 0.0946045 0.0961304 0.0976562 
0.00158691 0.00317383 0.00476074 0.00634766 0.00793457 0.00952148 0.0111084 0.0126953 0.0142822 0.0158691 0.0174561 0.019043 0.0206299 0.0222168 0.0238037 0.0253906 0.0269775 0.0285645 0.0301514 0.0317383 0.0333252 0.0349121 0.036499 0.0380859 0.0396729 0.0412598 0.0428467 0.0444336 0.0460205 0.0476074 0.0491943 0.0507812 0.0523682 0.0539551 0.055542 0.0571289 0.0587158 0.0603027 0.0618896 0.0634766 0.0650635 0.0666504 0.0682373 0.0698242 0.0714111 0.072998 0.074585 0.0761719 0.0777588 0.0793457 0.0809326 0.0825195 0.0841064 0.0856934 0.0872803 0.0888672 0.0904541 0.092041 0.0936279 0.0952148 0.0968018 0.0983887 0.0999756 0.101562 
0.00164795 0.0032959 0.00494385 0.0065918 0.00823975 0.0098877 0.0115356 0.0131836 0.0148315 0.0164795 0.0181274 0.0197754 0.0214233 0.0230713 0.0247192 0.0263672 0.0280151 0.0296631 0.031311 0.032959 0.0346069 0.0362549 0.0379028 0.0395508 0.0411987 0.0428467 0.0444946 0.0461426 0.0477905 0.0494385 0.0510864 0.0527344 0.0543823 0.0560303 0.0576782 0.0593262 0.0609741 0.0626221 0.06427 0.065918 0.0675659 0.0692139 0.0708618 0.0725098 0.0741577 0.0758057 0.0774536 0.0791016 0.0807495 0.0823975 0.0840454 0.0856934 0.0873413 0.0889893 0.0906372 0.0922852 0.0939331 0.0955811 0.097229 0.098877 0.100525 0.102173 0.103821 0.105469 
0.00170898 0.00341797 0.00512695 0.00683594 0.00854492 0.0102539 0.0119629 0.0136719 0.0153809 0.0170898 0.0187988 0.0205078 0.0222168 0.0239258 0.0256348 0.0273438 0.0290527 0.0307617 0.0324707 0.0341797 0.0358887 0.0375977 0.0393066 0.0410156 0.0427246 0.0444336 0.0461426 0.0478516 0.0495605 0.0512695 0.0529785 0.0546875 0.0563965 0.0581055 0.0598145 0.0615234 0.0632324 0.0649414 0.0666504 0.0683594 0.0700684 0.0717773 0.0734863 0.0751953 0.0769043 0.0786133 0.0803223 0.0820312 0.0837402 0.0854492 0.0871582 0.0888672 0.0905762 0.0922852 0.0939941 0.0957031 0.0974121 0.0991211 0.10083 0.102539 0.104248 0.105957 0.107666 0.109375 
0.00177002 0.00354004 0.00531006 0.00708008 0.0088501 0.0106201 0.0123901 0.0141602 0.0159302 0.0177002 0.0194702 0.0212402 0.0230103 0.0247803 0.0265503 0.0283203 0.0300903 0.0318604 0.0336304 0.0354004 0.0371704 0.0389404 0.0407104 0.0424805 0.0442505 0.0460205 0.0477905 0.0495605 0.0513306 0.0531006 0.0548706 0.0566406 0.0584106 0.0601807 0.0619507 0.0637207 0.0654907 0.0672607 0.0690308 0.0708008 0.0725708 0.0743408 0.0761108 0.0778809 0.0796509 0.0814209 0.0831909 0.0849609 0.086731 0.088501 0.090271 0.092041 0.093811 0.0955811 0.0973511 0.0991211 0.100891 0.102661 0.104431 0.106201 0.107971 0.109741 0.111511 0.113281 
0.00183105 0.00366211 0.00549316 0.00732422 0.00915527 0.0109863 0.0128174 0.0146484 0.0164795 0.0183105 0.0201416 0.0219727 0.0238037 0.0256348 0.0274658 0.0292969 0.0311279 0.032959 0.03479 0.0366211 0.0384521 0.0402832 0.0421143 0.0439453 0.0457764 0.0476074 0.0494385 0.0512695 0.0531006 0.0549316 0.0567627 0.0585938 0.0604248 0.0622559 0.0640869 0.065918 0.067749 0.0695801 0.0714111 0.0732422 0.0750732 0.0769043 0.0787354 0.0805664 0.0823975 0.0842285 0.0860596 0.0878906 0.0897217 0.0915527 0.0933838 0.0952148 0.0970459 0.098877 0.100708 0.102539 0.10437 0.106201 0.108032 0.109863 0.111694 0.113525 0.115356 0.117188 
0.00189209 0.00378418 0.00567627 0.00756836 0.00946045 0.0113525 0.0132446 0.0151367 0.0170288 0.0189209 0.020813 0.0227051 0.0245972 0.0264893 0.0283813 0.0302734 0.0321655 0.0340576 0.0359497 0.0378418 0.0397339 0.041626 0.0435181 0.0454102 0.0473022 0.0491943 0.0510864 0.0529785 0.0548706 0.0567627 0.0586548 0.0605469 0.062439 0.0643311 0.0662231 0.0681152 0.0700073 0.0718994 0.0737915 0.0756836 0.0775757 0.0794678 0.0813599 0.083252 0.085144 0.0870361 0.0889282 0.0908203 0.0927124 0.0946045 0.0964966 0.0983887 0.100281 0.102173 0.104065 0.105957 0.107849 0.109741 0.111633 0.113525 0.115417 0.11731 0.119202 0.121094 
0.00195312 0.00390625 0.00585938 0.0078125 0.00976562 0.0117188 0.0136719 0.015625 0.0175781 0.0195312 0.0214844 0.0234375 0.0253906 0.0273438 0.0292969 0.03125 0.0332031 0.0351562 0.0371094 0.0390625 0.0410156 0.0429688 0.0449219 0.046875 0.0488281 0.0507812 0.0527344 0.0546875 0.0566406 0.0585938 0.0605469 0.0625 0.0644531 0.0664062 0.0683594 0.0703125 0.0722656 0.0742188 0.0761719 0.078125 0.0800781 0.0820312 0.0839844 0.0859375 0.0878906 0.0898438 0.0917969 0.09375 0.0957031 0.0976562 0.0996094 0.101562 0.103516 0.105469 0.107422 0.109375 0.111328 0.113281 0.115234 0.117188 0.119141 0.121094 0.123047 0.125 
0.00201416 0.00402832 0.00604248 0.00805664 0.0100708 0.012085 0.0140991 0.0161133 0.0181274 0.0201416 0.0221558 0.0241699 0.0261841 0.0281982 0.0302124 0.0322266 0.0342407 0.0362549 0.038269 0.0402832 0.0422974 0.0443115 0.0463257 0.0483398 0.050354 0.0523682 0.0543823 0.0563965 0.0584106 0.0604248 0.062439 0.0644531 0.0664673 0.0684814 0.0704956 0.0725098 0.0745239 0.0765381 0.0785522 0.0805664 0.0825806 0.0845947 0.0866089 0.088623 0.0906372 0.0926514 0.0946655 0.0966797 0.0986938 0.100708 0.102722 0.104736 0.10675 0.108765 0.110779 0.112793 0.114807 0.116821 0.118835 0.12085 0.122864 0.124878 0.126892 0.128906 
0.0020752 0.00415039 0.00622559 0.00830078 0.010376 0.0124512 0.0145264 0.0166016 0.0186768 0.020752 0.0228271 0.0249023 0.0269775 0.0290527 0.0311279 0.0332031 0.0352783 0.0373535 0.0394287 0.0415039 0.0435791 0.0456543 0.0477295 0.0498047 0.0518799 0.0539551 0.0560303 0.0581055 0.0601807 0.0622559 0.0643311 0.0664062 0.0684814 0.0705566 0.0726318 0.074707 0.0767822 0.0788574 0.0809326 0.0830078 0.085083 0.0871582 0.0892334 0.0913086 0.0933838 0.095459 0.0975342 0.0996094 0.101685 0.10376 0.105835 0.10791 0.109985 0.112061 0.114136 0.116211 0.118286 0.120361 0.122437 0.124512 0.126587 0.128662 0.130737 0.132812 
0.00213623 0.00427246 0.00640869 0.00854492 0.0106812 0.0128174 0.0149536 0.0170898 0.0192261 0.0213623 0.0234985 0.0256348 0.027771 0.0299072 0.0320435 0.0341797 0.0363159 0.0384521 0.0405884 0.0427246 0.0448608 0.0469971 0.0491333 0.0512695 0.0534058 0.055542 0.0576782 0.0598145 0.0619507 0.0640869 0.0662231 0.0683594 0.0704956 0.0726318 0.0747681 0.0769043 0.0790405 0.0811768 0.083313 0.0854492 0.0875854 0.0897217 0.0918579 0.0939941 0.0961304 0.0982666 0.100403 0.102539 0.104675 0.106812 0.108948 0.111084 0.11322 0.115356 0.117493 0.119629 0.121765 0.123901 0.126038 0.128174 0.13031 0.132446 0.134583 0.136719 
0.00219727 0.00439453 0.0065918 0.00878906 0.0109863 0.0131836 0.0153809 0.0175781 0.0197754 0.0219727 0.0241699 0.0263672 0.0285645 0.0307617 0.032959 0.0351562 0.0373535 0.0395508 0.041748 0.0439453 0.0461426 0.0483398 0.0505371 0.0527344 0.0549316 0.0571289 0.0593262 0.0615234 0.0637207 0.065918 0.0681152 0.0703125 0.0725098 0.074707 0.0769043 0.0791016 0.0812988 0.0834961 0.0856934 0.0878906 0.0900879 0.0922852 0.0944824 0.0966797 0.098877 0.101074 0.103271 0.105469 0.107666 0.109863 0.112061 0.114258 0.116455 0.118652 0.12085 0.123047 0.125244 0.127441 0.129639 0.131836 0.134033 0.13623 0.138428 0.140625 
0.0022583 0.0045166 0.0067749 0.0090332 0.0112915 0.0135498 0.0158081 0.0180664 0.0203247 0.022583 0.0248413 0.0270996 0.0293579 0.0316162 0.0338745 0.0361328 0.0383911 0.0406494 0.0429077 0.045166 0.0474243 0.0496826 0.0519409 0.0541992 0.0564575 0.0587158 0.0609741 0.0632324 0.0654907 0.067749 0.0700073 0.0722656 0.0745239 0.0767822 0.0790405 0.0812988 0.0835571 0.0858154 0.0880737 0.090332 0.0925903 0.0948486 0.0971069 0.0993652 0.101624 0.103882 0.10614 0.108398 0.110657 0.112915 0.115173 0.117432 0.11969 0.121948 0.124207 0.126465 0.128723 0.130981 0.13324 0.135498 0.137756 0.140015 0.142273 0.144531 
0.00231934 0.00463867 0.00695801 0.00927734 0.0115967 0.013916 0.0162354 0.0185547 0.020874 0.0231934 0.0255127 0.027832 0.0301514 0.0324707 0.03479 0.0371094 0.0394287 0.041748 0.0440674 0.0463867 0.0487061 0.0510254 0.0533447 0.0556641 0.0579834 0.0603027 0.0626221 0.0649414 0.0672607 0.0695801 0.0718994 0.0742188 0.0765381 0.0788574 0.0811768 0.0834961 0.0858154 0.0881348 0.0904541 0.0927734 0.0950928 0.0974121 0.0997314 0.102051 0.10437 0.106689 0.109009 0.111328 0.113647 0.115967 0.118286 0.120605 0.122925 0.125244 0.127563 0.129883 0.132202 0.134521 0.136841 0.13916 0.141479 0.143799 0.146118 0.148438 
0.00238037 0.00476074 0.00714111 0.00952148 0.0119019 0.0142822 0.0166626 0.019043 0.0214233 0.0238037 0.0261841 0.0285645 0.0309448 0.0333252 0.0357056 0.0380859 0.0404663 0.0428467 0.0452271 0.0476074 0.0499878 0.0523682 0.0547485 0.0571289 0.0595093 0.0618896 0.06427 0.0666504 0.0690308 0.0714111 0.0737915 0.0761719 0.0785522 0.0809326 0.083313 0.0856934 0.0880737 0.0904541 0.0928345 0.0952148 0.0975952 0.0999756 0.102356 0.104736 0.107117 0.109497 0.111877 0.114258 0.116638 0.119019 0.121399 0.123779 0.12616 0.12854 0.13092 0.133301 0.135681 0.138062 0.140442 0.142822 0.145203 0.147583 0.149963 0.152344 
0.00244141 0.00488281 0.00732422 0.00976562 0.012207 0.0146484 0.0170898 0.0195312 0.0219727 0.0244141 0.0268555 0.0292969 0.0317383 0.0341797 0.0366211 0.0390625 0.0415039 0.0439453 0.0463867 0.0488281 0.0512695 0.0537109 0.0561523 0.0585938 0.0610352 0.0634766 0.065918 0.0683594 0.0708008 0.0732422 0.0756836 0.078125 0.0805664 0.0830078 0.0854492 0.0878906 0.090332 0.0927734 0.0952148 0.0976562 0.100098 0.102539 0.10498 0.107422 0.109863 0.112305 0.114746 0.117188 0.119629 0.12207 0.124512 0.126953 0.129395 0.131836 0.134277 0.136719 0.13916 0.141602 0.144043 0.146484 0.148926 0.151367 0.153809 0.15625 
0.00250244 0.00500488 0.00750732 0.0100098 0.0125122 0.0150146 0.0175171 0.0200195 0.022522 0.0250244 0.0275269 0.0300293 0.0325317 0.0350342 0.0375366 0.0400391 0.0425415 0.0450439 0.0475464 0.0500488 0.0525513 0.0550537 0.0575562 0.0600586 0.062561 0.0650635 0.0675659 0.0700684 0.0725708 0.0750732 0.0775757 0.0800781 0.0825806 0.085083 0.0875854 0.0900879 0.0925903 0.0950928 0.0975952 0.100098 0.1026 0.105103 0.107605 0.110107 0.11261 0.115112 0.117615 0.120117 0.12262 0.125122 0.127625 0.130127 0.132629 0.135132 0.137634 0.140137 0.142639 0.145142 0.147644 0.150146 0.152649 0.155151 0.157654 0.160156 
0.00256348 0.00512695 0.00769043 0.0102539 0.0128174 0.0153809 0.0179443 0.0205078 0.0230713 0.0256348 0.0281982 0.0307617 0.0333252 0.0358887 0.0384521 0.0410156 0.0435791 0.0461426 0.0487061 0.0512695 0.053833 0.0563965 0.05896 0.0615234 0.0640869 0.0666504 0.0692139 0.0717773 0.0743408 0.0769043 0.0794678 0.0820312 0.0845947 0.0871582 0.0897217 0.0922852 0.0948486 0.0974121 0.0999756 0.102539 0.105103 0.107666 0.110229 0.112793 0.115356 0.11792 0.120483 0.123047 0.12561 0.128174 0.130737 0.133301 0.135864 0.138428 0.140991 0.143555 0.146118 0.148682 0.151245 0.153809 0.156372 0.158936 0.161499 0.164062 
0.00262451 0.00524902 0.00787354 0.010498 0.0131226 0.0157471 0.0183716 0.0209961 0.0236206 0.0262451 0.0288696 0.0314941 0.0341187 0.0367432 0.0393677 0.0419922 0.0446167 0.0472412 0.0498657 0.0524902 0.0551147 0.0577393 0.0603638 0.0629883 0.0656128 0.0682373 0.0708618 0.0734863 0.0761108 0.0787354 0.0813599 0.0839844 0.0866089 0.0892334 0.0918579 0.0944824 0.0971069 0.0997314 0.102356 0.10498 0.107605 0.110229 0.112854 0.115479 0.118103 0.120728 0.123352 0.125977 0.128601 0.131226 0.13385 0.136475 0.139099 0.141724 0.144348 0.146973 0.149597 0.152222 0.154846 0.157471 0.160095 0.16272 0.165344 0.167969 
0.00268555 0.00537109 0.00805664 0.0107422 0.0134277 0.0161133 0.0187988 0.0214844 0.0241699 0.0268555 0.029541 0.0322266 0.0349121 0.0375977 0.0402832 0.0429688 0.0456543 0.0483398 0.0510254 0.0537109 0.0563965 0.059082 0.0617676 0.0644531 0.0671387 0.0698242 0.0725098 0.0751953 0.0778809 0.0805664 0.083252 0.0859375 0.088623 0.0913086 0.0939941 0.0966797 0.0993652 0.102051 0.104736 0.107422 0.110107 0.112793 0.115479 0.118164 0.12085 0.123535 0.126221 0.128906 0.131592 0.134277 0.136963 0.139648 0.142334 0.14502 0.147705 0.150391 0.153076 0.155762 0.158447 0.161133 0.163818 0.166504 0.169189 0.171875 
0.00274658 0.00549316 0.00823975 0.0109863 0.0137329 0.0164795 0.0192261 0.0219727 0.0247192 0.0274658 0.0302124 0.032959 0.0357056 0.0384521 0.0411987 0.0439453 0.0466919 0.0494385 0.0521851 0.0549316 0.0576782 0.0604248 0.0631714 0.065918 0.0686646 0.0714111 0.0741577 0.0769043 0.0796509 0.0823975 0.085144 0.0878906 0.0906372 0.0933838 0.0961304 0.098877 0.101624 0.10437 0.107117 0.109863 0.11261 0.115356 0.118103 0.12085 0.123596 0.126343 0.129089 0.131836 0.134583 0.137329 0.140076 0.142822 0.145569 0.148315 0.151062 0.153809 0.156555 0.159302 0.162048 0.164795 0.167542 0.170288 0.173035 0.175781 
0.00280762 0.00561523 0.00842285 0.0112305 0.0140381 0.0168457 0.0196533 0.0224609 0.0252686 0.0280762 0.0308838 0.0336914 0.036499 0.0393066 0.0421143 0.0449219 0.0477295 0.0505371 0.0533447 0.0561523 0.05896 0.0617676 0.0645752 0.0673828 0.0701904 0.072998 0.0758057 0.0786133 0.0814209 0.0842285 0.0870361 0.0898438 0.0926514 0.095459 0.0982666 0.101074 0.103882 0.106689 0.109497 0.112305 0.115112 0.11792 0.120728 0.123535 0.126343 0.12915 0.131958 0.134766 0.137573 0.140381 0.143188 0.145996 0.148804 0.151611 0.154419 0.157227 0.160034 0.162842 0.165649 0.168457 0.171265 0.174072 0.17688 0.179688 
0.00286865 0.0057373 0.00860596 0.0114746 0.0143433 0.0172119 0.0200806 0.0229492 0.0258179 0.0286865 0.0315552 0.0344238 0.0372925 0.0401611 0.0430298 0.0458984 0.0487671 0.0516357 0.0545044 0.057373 0.0602417 0.0631104 0.065979 0.0688477 0.0717163 0.074585 0.0774536 0.0803223 0.0831909 0.0860596 0.0889282 0.0917969 0.0946655 0.0975342 0.100403 0.103271 0.10614 0.109009 0.111877 0.114746 0.117615 0.120483 0.123352 0.126221 0.129089 0.131958 0.134827 0.137695 0.140564 0.143433 0.146301 0.14917 0.152039 0.154907 0.157776 0.160645 0.163513 0.166382 0.16925 0.172119 0.174988 0.177856 0.180725 0.183594 
0.00292969 0.00585938 0.00878906 0.0117188 0.0146484 0.0175781 0.0205078 0.0234375 0.0263672 0.0292969 0.0322266 0.0351562 0.0380859 0.0410156 0.0439453 0.046875 0.0498047 0.0527344 0.0556641 0.0585938 0.0615234 0.0644531 0.0673828 0.0703125 0.0732422 0.0761719 0.0791016 0.0820312 0.0849609 0.0878906 0.0908203 0.09375 0.0966797 0.0996094 0.102539 0.105469 0.108398 0.111328 0.114258 0.117188 0.120117 0.123047 0.125977 0.128906 0.131836 0.134766 0.137695 0.140625 0.143555 0.146484 0.149414 0.152344 0.155273 0.158203 0.161133 0.164062 0.166992 0.169922 0.172852 0.175781 0.178711 0.181641 0.18457 0.1875 
0.00299072 0.00598145 0.00897217 0.0119629 0.0149536 0.0179443 0.0209351 0.0239258 0.0269165 0.0299072 0.0328979 0.0358887 0.0388794 0.0418701 0.0448608 0.0478516 0.0508423 0.053833 0.0568237 0.0598145 0.0628052 0.0657959 0.0687866 0.0717773 0.0747681 0.0777588 0.0807495 0.0837402 0.086731 0.0897217 0.0927124 0.0957031 0.0986938 0.101685 0.104675 0.107666 0.110657 0.113647 0.116638 0.119629 0.12262 0.12561 0.128601 0.131592 0.134583 0.137573 0.140564 0.143555 0.146545 0.149536 0.152527 0.155518 0.158508 0.161499 0.16449 0.16748 0.170471 0.173462 0.176453 0.179443 0.182434 0.185425 0.188416 0.191406 
0.00305176 0.00610352 0.00915527 0.012207 0.0152588 0.0183105 0.0213623 0.0244141 0.0274658 0.0305176 0.0335693 0.0366211 0.0396729 0.0427246 0.0457764 0.0488281 0.0518799 0.0549316 0.0579834 0.0610352 0.0640869 0.0671387 0.0701904 0.0732422 0.0762939 0.0793457 0.0823975 0.0854492 0.088501 0.0915527 0.0946045 0.0976562 0.100708 0.10376 0.106812 0.109863 0.112915 0.115967 0.119019 0.12207 0.125122 0.128174 0.131226 0.134277 0.137329 0.140381 0.143433 0.146484 0.149536 0.152588 0.15564 0.158691 0.161743 0.164795 0.167847 0.170898 0.17395 0.177002 0.180054 0.183105 0.186157 0.189209 0.192261 0.195312 
0.00311279 0.00622559 0.00933838 0.0124512 0.015564 0.0186768 0.0217896 0.0249023 0.0280151 0.0311279 0.0342407 0.0373535 0.0404663 0.0435791 0.0466919 0.0498047 0.0529175 0.0560303 0.0591431 0.0622559 0.0653687 0.0684814 0.0715942 0.074707 0.0778198 0.0809326 0.0840454 0.0871582 0.090271 0.0933838 0.0964966 0.0996094 0.102722 0.105835 0.108948 0.112061 0.115173 0.118286 0.121399 0.124512 0.127625 0.130737 0.13385 0.136963 0.140076 0.143188 0.146301 0.149414 0.152527 0.15564 0.158752 0.161865 0.164978 0.168091 0.171204 0.174316 0.177429 0.180542 0.183655 0.186768 0.18988 0.192993 0.196106 0.199219 
0.00317383 0.00634766 0.00952148 0.0126953 0.0158691 0.019043 0.0222168 0.0253906 0.0285645 0.0317383 0.0349121 0.0380859 0.0412598 0.0444336 0.0476074 0.0507812 0.0539551 0.0571289 0.0603027 0.0634766 0.0666504 0.0698242 0.072998 0.0761719 0.0793457 0.0825195 0.0856934 0.0888672 0.092041 0.0952148 0.0983887 0.101562 0.104736 0.10791 0.111084 0.114258 0.117432 0.120605 0.123779 0.126953 0.130127 0.133301 0.136475 0.139648 0.142822 0.145996 0.14917 0.152344 0.155518 0.158691 0.161865 0.165039 0.168213 0.171387 0.174561 0.177734 0.180908 0.184082 0.187256 0.19043 0.193604 0.196777 0.199951 0.203125 
0.00323486 0.00646973 0.00970459 0.0129395 0.0161743 0.0194092 0.022644 0.0258789 0.0291138 0.0323486 0.0355835 0.0388184 0.0420532 0.0452881 0.0485229 0.0517578 0.0549927 0.0582275 0.0614624 0.0646973 0.0679321 0.071167 0.0744019 0.0776367 0.0808716 0.0841064 0.0873413 0.0905762 0.093811 0.0970459 0.100281 0.103516 0.10675 0.109985 0.11322 0.116455 0.11969 0.122925 0.12616 0.129395 0.132629 0.135864 0.139099 0.142334 0.145569 0.148804 0.152039 0.155273 0.158508 0.161743 0.164978 0.168213 0.171448 0.174683 0.177917 0.181152 0.184387 0.187622 0.190857 0.194092 0.197327 0.200562 0.203796 0.207031 
0.0032959 0.0065918 0.0098877 0.0131836 0.0164795 0.0197754 0.0230713 0.0263672 0.0296631 0.032959 0.0362549 0.0395508 0.0428467 0.0461426 0.0494385 0.0527344 0.0560303 0.0593262 0.0626221 0.065918 0.0692139 0.0725098 0.0758057 0.0791016 0.0823975 0.0856934 0.0889893 0.0922852 0.0955811 0.098877 0.102173 0.105469 0.108765 0.112061 0.115356 0.118652 0.121948 0.125244 0.12854 0.131836 0.135132 0.138428 0.141724 0.14502 0.148315 0.151611 0.154907 0.158203 0.161499 0.164795 0.168091 0.171387 0.174683 0.177979 0.181274 0.18457 0.187866 0.191162 0.194458 0.197754 0.20105 0.204346 0.207642 0.210938 
0.00335693 0.00671387 0.0100708 0.0134277 0.0167847 0.0201416 0.0234985 0.0268555 0.0302124 0.0335693 0.0369263 0.0402832 0.0436401 0.0469971 0.050354 0.0537109 0.0570679 0.0604248 0.0637817 0.0671387 0.0704956 0.0738525 0.0772095 0.0805664 0.0839233 0.0872803 0.0906372 0.0939941 0.0973511 0.100708 0.104065 0.107422 0.110779 0.114136 0.117493 0.12085 0.124207 0.127563 0.13092 0.134277 0.137634 0.140991 0.144348 0.147705 0.151062 0.154419 0.157776 0.161133 0.16449 0.167847 0.171204 0.174561 0.177917 0.181274 0.184631 0.187988 0.191345 0.194702 0.198059 0.201416 0.204773 0.20813 0.211487 0.214844 
0.00341797 0.00683594 0.0102539 0.0136719 0.0170898 0.0205078 0.0239258 0.0273438 0.0307617 0.0341797 0.0375977 0.0410156 0.0444336 0.0478516 0.0512695 0.0546875 0.0581055 0.0615234 0.0649414 0.0683594 0.0717773 0.0751953 0.0786133 0.0820312 0.0854492 0.0888672 0.0922852 0.0957031 0.0991211 0.102539 0.105957 0.109375 0.112793 0.116211 0.119629 0.123047 0.126465 0.129883 0.133301 0.136719 0.140137 0.143555 0.146973 0.150391 0.153809 0.157227 0.160645 0.164062 0.16748 0.170898 0.174316 0.177734 0.181152 0.18457 0.187988 0.191406 0.194824 0.198242 0.20166 0.205078 0.208496 0.211914 0.215332 0.21875 
0.003479 0.00695801 0.010437 0.013916 0.017395 0.020874 0.024353 0.027832 0.031311 0.03479 0.038269 0.041748 0.0452271 0.0487061 0.0521851 0.0556641 0.0591431 0.0626221 0.0661011 0.0695801 0.0730591 0.0765381 0.0800171 0.0834961 0.0869751 0.0904541 0.0939331 0.0974121 0.100891 0.10437 0.107849 0.111328 0.114807 0.118286 0.121765 0.125244 0.128723 0.132202 0.135681 0.13916 0.142639 0.146118 0.149597 0.153076 0.156555 0.160034 0.163513 0.166992 0.170471 0.17395 0.177429 0.180908 0.184387 0.187866 0.191345 0.194824 0.198303 0.201782 0.205261 0.20874 0.212219 0.215698 0.219177 0.222656 
0.00354004 0.00708008 0.0106201 0.0141602 0.0177002 0.0212402 0.0247803 0.0283203 0.0318604 0.0354004 0.0389404 0.0424805 0.0460205 0.0495605 0.0531006 0.0566406 0.0601807 0.0637207 0.0672607 0.0708008 0.0743408 0.0778809 0.0814209 0.0849609 0.088501 0.092041 0.0955811 0.0991211 0.102661 0.106201 0.109741 0.113281 0.116821 0.120361 0.123901 0.127441 0.130981 0.134521 0.138062 0.141602 0.145142 0.148682 0.152222 0.155762 0.159302 0.162842 0.166382 0.169922 0.173462 0.177002 0.180542 0.184082 0.187622 0.191162 0.194702 0.198242 0.201782 0.205322 0.208862 0.212402 0.215942 0.219482 0.223022 0.226562 
0.00360107 0.00720215 0.0108032 0.0144043 0.0180054 0.0216064 0.0252075 0.0288086 0.0324097 0.0360107 0.0396118 0.0432129 0.046814 0.050415 0.0540161 0.0576172 0.0612183 0.0648193 0.0684204 0.0720215 0.0756226 0.0792236 0.0828247 0.0864258 0.0900269 0.0936279 0.097229 0.10083 0.104431 0.108032 0.111633 0.115234 0.118835 0.122437 0.126038 0.129639 0.13324 0.136841 0.140442 0.144043 0.147644 0.151245 0.154846 0.158447 0.162048 0.165649 0.16925 0.172852 0.176453 0.180054 0.183655 0.187256 0.190857 0.194458 0.198059 0.20166 0.205261 0.208862 0.212463 0.216064 0.219666 0.223267 0.226868 0.230469 
0.00366211 0.00732422 0.0109863 0.0146484 0.0183105 0.0219727 0.0256348 0.0292969 0.032959 0.0366211 0.0402832 0.0439453 0.0476074 0.0512695 0.0549316 0.0585938 0.0622559 0.065918 0.0695801 0.0732422 0.0769043 0.0805664 0.0842285 0.0878906 0.0915527 0.0952148 0.098877 0.102539 0.106201 0.109863 0.113525 0.117188 0.12085 0.124512 0.128174 0.131836 0.135498 0.13916 0.142822 0.146484 0.150146 0.153809 0.157471 0.161133 0.164795 0.168457 0.172119 0.175781 0.179443 0.183105 0.186768 0.19043 0.194092 0.197754 0.201416 0.205078 0.20874 0.212402 0.216064 0.219727 0.223389 0.227051 0.230713 0.234375 
0.00372314 0.00744629 0.0111694 0.0148926 0.0186157 0.0223389 0.026062 0.0297852 0.0335083 0.0372314 0.0409546 0.0446777 0.0484009 0.052124 0.0558472 0.0595703 0.0632935 0.0670166 0.0707397 0.0744629 0.078186 0.0819092 0.0856323 0.0893555 0.0930786 0.0968018 0.100525 0.104248 0.107971 0.111694 0.115417 0.119141 0.122864 0.126587 0.13031 0.134033 0.137756 0.141479 0.145203 0.148926 0.152649 0.156372 0.160095 0.163818 0.167542 0.171265 0.174988 0.178711 0.182434 0.186157 0.18988 0.193604 0.197327 0.20105 0.204773 0.208496 0.212219 0.215942 0.219666 0.223389 0.227112 0.230835 0.234558 0.238281 
0.00378418 0.00756836 0.0113525 0.0151367 0.0189209 0.0227051 0.0264893 0.0302734 0.0340576 0.0378418 0.041626 0.0454102 0.0491943 0.0529785 0.0567627 0.0605469 0.0643311 0.0681152 0.0718994 0.0756836 0.0794678 0.083252 0.0870361 0.0908203 0.0946045 0.0983887 0.102173 0.105957 0.109741 0.113525 0.11731 0.121094 0.124878 0.128662 0.132446 0.13623 0.140015 0.143799 0.147583 0.151367 0.155151 0.158936 0.16272 0.166504 0.170288 0.174072 0.177856 0.181641 0.185425 0.189209 0.192993 0.196777 0.200562 0.204346 0.20813 0.211914 0.215698 0.219482 0.223267 0.227051 0.230835 0.234619 0.238403 0.242188 
0.00384521 0.00769043 0.0115356 0.0153809 0.0192261 0.0230713 0.0269165 0.0307617 0.0346069 0.0384521 0.0422974 0.0461426 0.0499878 0.053833 0.0576782 0.0615234 0.0653687 0.0692139 0.0730591 0.0769043 0.0807495 0.0845947 0.0884399 0.0922852 0.0961304 0.0999756 0.103821 0.107666 0.111511 0.115356 0.119202 0.123047 0.126892 0.130737 0.134583 0.138428 0.142273 0.146118 0.149963 0.153809 0.157654 0.161499 0.165344 0.169189 0.173035 0.17688 0.180725 0.18457 0.188416 0.192261 0.196106 0.199951 0.203796 0.207642 0.211487 0.215332 0.219177 0.223022 0.226868 0.230713 0.234558 0.238403 0.242249 0.246094 
